1278
2335
7431
1277
2316
7045
5054
1281
1291
3848
1634
5270
1509
5339
7057
6876
3858
4000
1293
2023
87
7167
226
4060
3485
3939
1303
5806
5315
3857
7076
6678
1284
3490
3371
3849
5176
7414
5216
1311
710
60
71
7531
81
716
2597
1290
1289
2317
213
1116
633
11117
3339
4313
1301
3075
1471
2621
2192
5118
5768
3945
7534
1292
2202
2950
5479
715
4627
2200
3312
871
7018
7837
3240
7171
3309
10971
1117
5654
3915
5230
10631
302
1295
1404
151887
9588
230
4191
1462
4478
7529
3956
56944
348
7094
5478
800
8407
3959
1808
2934
1072
135228
301
7184
3320
11167
2167
2683
7412
4282
3326
5037
10130
811
284119
5351
7168
7169
2821
374454
3852
4015
847
2665
7532
5034
1915
11098
7058
3910
286887
25890
3624
10327
1508
5168
3853
1675
5476
7360
114990
3861
2026
2318
7077
60681
10418
3860
7533
29968
5069
1936
8482
10085
3854
308
4831
3178
79026
1465
5660
873
1200
5641
7123
10226
4904
5226
10376
1000
84790
3190
5730
5352
10404
4190
2006
84624
3074
1938
5630
1009
7170
1809
5834
5052
4883
813
5950
3486
1266
2923
214
5954
3250
3306
3181
2819
5754
410
203068
6888
4811
22883
54414
5328
196463
283458
3303
2799
290
1282
3671
7059
4666
2588
3073
10611
8531
7086
6648
4830
3868
1842
3305
427
1893
4240
25932
11315
4134
59
204
3315
54749
4982
6175
57333
5066
10468
2201
5360
5358
1490
2664
4053
832
5480
4691
829
1073
686
2
4924
5223
50509
22795
10383
84572
7165
23114
5720
10694
6238
55752
6050
4016
11034
9518
3927
9370
3912
2280
1605
6136
6782
1265
23022
4869
5725
12
220988
115908
653269
64374
183
5688
8970
26986
91851
345651
4125
7001
6181
54587
10487
720
81567
4017
85236
51280
649
4735
10492
3488
396
3183
10216
4958
54205
9948
2271
1192
3851
1191
6282
10159
163
50808
8991
5687
3487
6609
10627
29952
3929
84836
25824
6448
8359
2539
4756
4126
5962
55742
2817
1933
309
4052
56616
51637
7335
4860
8411
3107
23593
8644
4323
9601
5589
28988
8614
3105
7336
9124
284013
79625
7430
7415
2548
51727
66005
4148
4837
23406
7857
6222
10398
9446
4082
3872
7791
5689
84823
4035
3107
6695
3251
5093
203
160287
5693
5110
57124
5756
3105
55968
5690
160
2184
6647
8836
1937
4637
9554
3491
51350
7040
5627
4322
6711
7070
1012
8829
2739
9509
5683
25796
5159
10541
729
10447
1652
145864
10236
125
29934
162
11041
8406
5033
5686
4669
10146
3105
2022
718
52
2806
4001
6251
3837
7316
10549
9244
328
115207
6423
56034
342538
10961
8125
1476
1435
25870
54757
372
5682
23659
506
55740
79987
8826
27316
6709
10577
5692
7042
1398
1296
4629
5685
392
1965
2805
6628
9469
23564
6217
5269
7873
3336
347
284207
7448
10330
5074
6424
1832
9540
5549
3609
23603
2287
10493
64093
2878
6426
10247
2239
7317
6451
8038
1994
2153
27122
83658
8470
3612
1280
23344
1153
30001
5611
537
57142
4162
1522
8404
8751
9902
85235
5684
3043
286257
3908
3046
1646
5094
2936
5721
3958
3093
3692
57214
4897
8301
174
3920
23071
27286
5691
55748
6188
5701
9403
29995
56005
2589
3308
1410
2590
10135
7347
10094
64131
51150
6342
10093
23324
558
6204
5836
10935
4131
6624
22919
4835
10576
8615
3698
5858
4507
2194
9562
6421
1368
3481
5184
7078
144501
11227
6727
2135
2252
2617
284
2638
2519
2171
5125
64236
1213
989
55611
5793
4758
5644
10209
6418
11051
6634
7453
2017
55623
9521
1203
1514
55110
57819
6125
9141
53938
8880
10920
767558
3955
7295
10272
5217
8417
51661
11164
84817
5837
10096
10540
23760
284297
7296
729359
1635
8754
7247
81889
6176
6227
6289
2286
10092
80310
128240
2896
10043
102
23654
10189
830
2130
9260
5049
3015
59342
50813
55577
5202
196374
6320
8722
8702
83442
5303
23557
1174
8828
5547
5111
1399
2273
833
403
1152
9218
6206
26135
5861
6191
808
6152
117159
4023
8570
7035
4659
7919
51474
8533
2687
1397
4130
4741
4736
6717
55737
351
8985
1777
5886
22948
2764
1845
83872
231
92949
7345
8724
5696
169611
3916
22820
6633
967
1306
645
6234
29924
1627
10960
5908
10409
2632
2517
4144
1466
3921
4245
5464
5813
2644
285704
97
3895
3098
9037
29789
6224
5694
27101
9230
9532
113189
7332
285362
10890
4124
6613
23673
2720
50865
5901
83638
975
27068
6396
3425
56954
9445
2730
513
8566
56983
5796
23193
145165
81876
6742
51501
377
3417
5552
5887
11140
10539
8562
56886
8666
11096
3106
57103
9939
10380
10801
9987
10072
57175
4925
25927
11316
388698
27044
3187
10016
6228
6288
6135
3184
10979
2629
865
3182
5594
51031
79932
51115
22818
10963
4316
2717
7175
10591
85456
30008
2040
7329
84617
6902
93487
26007
9798
191
6635
29085
9352
8635
4057
5179
140606
10726
3949
5156
6830
10360
654483
4048
7411
5617
81873
5050
5707
2131
83716
2745
25996
6387
83481
5510
6906
9334
2885
80781
47
4729
175
1294
1984
3068
7334
140576
22872
5879
4069
3313
9559
210
1974
51035
5300
2331
3083
54165
4668
222663
25911
5538
5524
8804
51020
6038
389541
26092
10449
1854
55313
462
5819
5048
5500
2274
54472
2495
4809
8572
5711
2944
11344
6500
51138
1314
55707
966
6208
222068
84695
3913
1632
375790
22949
6649
10197
6723
10082
3035
51552
5870
28971
11212
11163
526
1429
642
8649
9131
132789
4677
4121
8544
6210
1063
26227
10342
8815
26509
8078
5566
392255
2260
64855
140809
8434
5212
6156
2079
256691
51181
84324
8668
5036
493
10095
22844
3489
6223
9973
128
29937
3843
58513
148113
11335
1805
10109
6230
2752
95
51726
388697
7319
5723
6207
5706
3952
355
374659
79017
80380
58478
10417
4026
6146
79180
9086
10105
378
7458
6422
10174
3040
3423
23549
10491
998
27095
51569
6427
4919
11328
6626
5919
4256
55970
84898
51279
6231
11173
5345
1036
8455
327
5903
10007
4673
23670
283
5518
9636
51200
5550
112574
3608
411
8721
708
6510
51071
1371
55568
8027
11235
2147
30846
10516
7323
5673
529
57132
3888
3890
170384
9943
6205
4199
373
51699
3988
9097
3688
2193
5201
64746
7264
2882
126393
6279
10097
64342
6189
11258
3029
3189
85450
23576
2107
4969
567
8519
51110
1968
689
5862
1954
79006
3699
80328
9246
8624
29089
93624
6897
4738
123228
5373
4724
2937
249
115098
347862
353
57680
51690
64175
10923
8073
114902
134147
57863
23646
8910
6694
3422
8209
113675
9173
25903
373156
8634
285148
23164
1992
4681
1975
1175
112936
64388
6923
55276
5357
5274
324
908
1475
11144
1768
3295
2512
6726
56925
5859
6137
64094
771
51056
84681
1264
960
3162
10574
79827
5698
929
10399
84064
5695
5876
55832
1211
1622
6120
1
7424
56061
6632
64359
5714
23509
6520
10992
5902
3482
51119
5236
8607
9255
9180
5868
5878
5817
7178
89777
27098
26577
1660
6281
23521
57026
51377
2782
10910
7145
7328
54987
51317
6165
6921
131578
51506
581
51534
8825
51313
23325
387
5805
57092
10142
4043
54732
23467
343450
9696
2992
2521
142
6432
1029
51160
139324
3054
2199
57799
4832
64072
3329
475
8266
124220
10397
4045
9978
81029
2746
55651
127435
23643
8655
10605
65125
11338
80760
3034
1770
1728
1155
100137049
51060
51330
7871
6675
79846
257194
55937
143903
25884
6386
223
51639
83787
10313
10980
51616
1655
5715
131873
55501
54936
55573
57511
22827
1639
9349
5304
129804
7052
9043
10598
8682
5306
3267
6385
3881
3884
6487
22943
51668
25797
9550
3728
79709
7536
9958
51248
283629
51596
1662
1486
8905
23589
8775
3185
8664
131076
2760
7408
57019
114757
822
2947
10015
94025
26000
170954
171024
3569
51645
26472
3827
10652
563
55862
199746
22998
60682
126567
6169
173
1315
10525
368
6182
83451
112464
5702
9657
55745
134492
79575
334
653
93664
80184
11064
5426
1767
667
27133
4036
23499
51168
220323
8481
23244
253959
6341
3735
23345
7203
56154
7273
83889
140469
8031
341676
9271
23112
80323
391059
2674
2960
55187
2275
1981
4841
765
55246
153222
55137
3718
9735
259197
10204
55163
10291
25942
401548
22978
4907
4521
23461
64240
98
83440
165
113146
64853
8227
278
91074
9068
23452
51378
56899
84168
311
307
310
164
8907
91056
10974
4018
23780
435
79798
79913
64431
10924
439
259266
445
93974
472
9510
9508
84752
2990
91653
23774
29071
51719
767
823
10753
836
23581
1075
1513
1519
1363
55749
85478
493860
55231
79577
222256
55835
84952
79643
79586
51363
8483
28970
10970
23332
1212
8218
6249
1285
7373
1307
51004
2873
10987
64084
23446
23191
100506627
1642
8886
83479
1667
3290
56919
54431
1738
9940
1756
23268
1823
1828
143241
146754
1769
1778
1891
1892
10102
8662
8663
23052
5167
57634
10544
51752
26059
2081
54465
91828
2132
83648
79632
55578
128876
51011
2195
8857
2241
197
2339
2224
5738
9563
2581
130589
2650
87769
10437
2771
2778
2729
2734
3009
440093
3094
4670
10075
3101
2052
3479
3570
3625
3628
140862
3672
3685
9358
339123
9703
57587
25959
5576
817
5927
5593
374654
7084
448834
3889
3891
3909
6741
132884
55203
3977
25802
10128
987
375387
55631
85444
53353
79705
9448
89876
5648
4146
4147
9782
4081
8720
23195
5469
79084
8076
9258
23269
4247
4249
64780
1432
8085
440738
4327
92597
26002
116535
91283
8897
9961
25878
91663
4621
4638
4645
4650
9659
51691
344148
4725
4311
91624
55922
197358
56001
10562
92106
65263
54510
56134
5098
5154
176
27124
63895
54477
5481
253143
9520
5699
5708
9861
5781
5783
5797
10606
158
790
7879
9135
10111
5911
9904
653489
23504
79890
6141
6155
6160
6738
6092
5437
6185
22800
6232
6193
6202
284654
25914
10856
6262
6277
55206
9632
25956
7869
10512
56920
23450
2487
644717
57698
57619
7903
6586
6590
10051
6525
25992
6272
389058
79925
6704
283377
6712
6720
55576
6793
55959
1615
10667
23224
54938
8565
23306
6948
6950
163589
7037
7049
90381
201798
7079
79073
338773
84283
8742
1861
27348
402643
29953
29850
5646
7130
25987
7267
57544
7054
55757
285175
9341
2277
7432
85442
23230
157680
8839
2547
152002
64132
253461
79776
58499
335
56244
93589
824
9318
1464
127579
3978
2033
2159
55215
2196
23171
9380
51454
3615
27258
4216
4239
8509
4817
4836
57147
55795
51177
5499
5530
9821
5992
57186
57569
143872
6124
6278
6462
6829
51332
16
57533
8295
64061
7405
54832
55237
165904
51156
79699

4703
6868
51129
8546
338
345
54507
84270
80321
3426
23125
1272
727
1329
826
23404
2137
120114
23048
152007
55204
2876
4485
3092
57563
339977
4054
9241
4905
23178
5203
10857
84844
5340
23129
64840
5533
10450
159
55159
6130
6203
6493
23371
81627
7276
8875
7514
49854
57862
55856
48
7965
9590
3276
10552
8574
84100
29108
57130
11285
8419
148362
28969
114897
759
760
124583
857
90060
283234
389384
629
26973
134829
730
1300
51122
9276
8904
1495
1499
51496
51076
23316
79901
1474
55152
84516
5860
353497
92675
1838
50506
10938
3646
136227
1066
57488
2108
441328
2160
2176
2312
51024
23768
2619
8200
9945
84514
26035
653125
26003
9555
9394
1982
1983
3494
3839
11005
57577
5214
728279
118426
22798
8140
286310
51631
8613
55004
11253
28985
23184
4237
4192
9761
84557
4317
9123
3340
4695
60491
57502
4898
23511
11165
23275
55753
8974
5204
5157
10424
57095
5346
57048
5516
79717
11230
5705
5717
5719
10213
5709
5764
5802
471
5814
23011
51715
57826
5928
5955
7905
79785
9045
6138
6142
6143
6154
6157
6122
6129
6132
6018
5436
6194
6627
10900
6636
6280
6284
10484
10609
27352
9092
6728
6781
8428
10056
5917
57038
6301
112849
10575
10728
26011
7980
343641
7053
30
26517
64129
261726
25907
10972
79865
55020
23020
9040
7358
8883
51028
7511
7745
79692
7781
100129278
283464
6187
19
132
5238
6051
1173
127002
9531
644
9133
55337
1500
1967
51571
2288
5910
80273
57520
10527
55705
3678
84171
57470
124801
4233
253827
126205
4856
55690
192111
5310
10343
257068
5621
391356
5905
10949
51493
342618
57213
22929
6772
11171
6812
94120
54881
7073
7111
3842
7265
7326
10090
523
7520
8882